All tests passed!
Matrix Multiplication Runtime
m: 1024 n: 1024 p: 1024
INT32: 1.35373 ms
FLOAT: 1.35322 ms
DOUBLE: 5.70624 ms
