All tests passed!
Matrix Multiplication Runtime
m: 1024 n: 1024 p: 1024
INT32: 11.07046 ms
FLOAT: 11.06739 ms
DOUBLE: 11.34643 ms
